1841 453 094394140 68159540 953658
68185081 4913 990 1350 4992 91939690
10 5493 2214490 25210610 31535419 25210610 2214490 1297113 50913
255 252 5839 65801 454 61229418
93525899715 65299 936584950 68594 658354013 255 252 5839 65801
4199 10 4913 7113 41221
352299 4143 954 94 953658 89919 94
12089359 94 9131299 4143 954
6517910 4992 6850913 61935 94 25290
312591141 4143 252 89919 3533545 2925881 31535419 13313914 21319
29254413 1831 29015 525354013 318129018 29015 4143 954
94058413 25290 5199354 94 652254059715 31991
51 4992 4143 39 96913 61139219
10 218919 252 68185081 252
50 312591141 61359 13 018699 5759019 31535419 68185081 354212299
4928 96913 354957110 4992 252 6850913 253019 7113 94 255
61819 94 352299 4143 954 94 953658 89919
7812941 810813 7199715 454 052219 5839 13
25258099 525354013 4928 052219 35259095 4143 454 2214490 31991
113058 11715 311899 11715 45715
94 51 4992 4143 39
4199 089909715 952293901494 4928 990
1831 493013 218919 4199 10 35495305018 25853 45453 31991
4999 590 990 1350 613929999 31741 50913
12213358658 35829 094394140 584185 31991
96913 354957110 4992 252 6850913 253019 7113 94 255
354715 311899 8854319 154514 252 5290 93525899715 311899
113058 51 11715 10 253019 1831
5493 68159540 525354013 613929999 255
5493 68159540 525354013 613929999 255 252 689479221 590 12213358658
253019 990 1350 590 62135810 94
499 6180189540 354059 41935018 894931219 319 311899 29015 120893959 255
21319 954 018699 094394140 94 1297150 89919 6517910
2590921213 310099 12213358658 25290 954 12213358658 35829
7113 652254059715 453 413 1297113 953 50 058058 354957110
68159540 953658 6517910 4928 954 61229418 68594 7812941 854485890 253019
312591141 29254413 1831 29015 525354013 318129018
2214490 31991 5493 453 419 4143 310099 5493
45715 2925881 01905 453 12089359 419 916954
10 50913 990 1350 4992 61819
954 11715 21319 2925881 29015 354715 51 354957110 13 65299
94 5759019 5810 936584950 954 5199354
453 413 1297113 953 50 058058 354957110 94 65801
6850913 7113 212610105 497499993 91965449995 94 590 1405
453 6517910 4992 6850913 61935 94 25290 10 058058
10 89919 2925881 1496993947 10
25853 45258 954 2925881 96913 4143 1297150 29254413
058058 6591585 13 10 354957110
45715 9541259 10 50913 990 1350 4992
25853 96913 45258 990 1350 35495305018 1496993947 5290 652254059715
7199 3533545 5495 154514 954 1496993947 4913 45453
954 954 89919 6850913 7113 212610105 497499993 91965449995
2925881 052219 94 813 812901995
6517910 6850913 4928 96913 354957110 4992 252
29254413 10 218919 252 68185081
354059 41935018 894931219 319 311899 29015
2158550 91965449995 94058413 35495305018 292585 94 61139219 4992 094394140 5750
253019 990 1350 590 62135810 94
954 65299 5750 25290 1297150
252 68185081 252 018699 4143 5750 25853 45258 954
094394140 29015 953658 7199 253019 41221 10
10 053658 3533545 12213358658 1 21319 2590921213
21319 2590921213 954 1831 454 5495 5199354
154514 68185081 31741 13 62135810
1297113 52596544 39 94 41221 6591585 952293901494
5493 4913 212610105 10 68185081 990 1350 1297113
61935 10 62135810 5839 41221 652254059715 497499993
29015 120893959 255 9405758 312591141 4143 252
1831 29015 525354013 318129018 29015 4143 954 25290 497499993 9541259
13313914 990 1350 41221 61392999 35829 053619 9131299 1841 94
51 25258099 525354013 4928 052219 35259095 4143
25893121 96913 1 1831 318919 29015
35019 493013 10 053658 3533545 12213358658 1 21319
31535419 25210610 2214490 1297113 50913 5810 25290 93525899715 94
310099 35259095 1 9131299 10 5810
61935 94 25290 10 058058 6850913 2925881 91965449995 6505409
25853 96913 45258 990 1350 35495305018 1496993947 5290 10 1297113
7199 5493 25258099 93525899715 658354013 419
1350 35495305018 1496993947 5290 10 1297113 61819
990 1350 61819 7812941 7199 2214490 018699 318919
21319 2925881 29015 354715 51 354957110 13
3533545 7199 936584950 31991 094394140 4143 61229418
1 5810 413 10 253019 1841 4199
2925881 13313914 94 4992 4999 93525899715 51
91939690 052219 311899 1 4913 31535419
2925881 413 292585 01905 2158550 990
120893959 089909715 41221 1297150 5493
4143 954 11715 21319 2925881 29015 354715
68185081 252 018699 4143 5750
311899 68185081 50 12089359 45715 584185 154514 5199354
5750 25290 1297150 91790099 94 35495305018 61819 10 61139219 61229418
25258099 6517910 2921319 10 11715
4143 39 96913 61139219 29015 1297150 453 12213358658
419 94 584185 1831 5495 10 953 41221
253019 41221 10 25210610 4913 10 254541099 052219 94
6850913 7113 212610105 497499993 91965449995
1297150 89919 6517910 94 1405 35019 493013 10 053658
5759019 61819 2925881 13313914 94 4992
51 953 9405758 29015 01905 5750
6850913 61935 94 25290 10 058058 6850913 2925881 91965449995 6505409
25290 10 058058 6850913 2925881 91965449995 6505409
61229418 45715 2158550 91965449995 94058413 35495305018
053658 5839 51 25258099 525354013 4928 052219 35259095 4143 454
5750 990 1350 052219 3819 1496993947 5493 51 018699 5759019
4992 252 6850913 253019 7113 94
10 1297113 61819 990 1350 213019 254541099 253019
6591585 35829 255 1841 35259095 10 525354013 51
11715 94058413 25290 5199354 94 652254059715 31991 62135810 4199 120893959
96913 1 1831 318919 29015 354715 311899 8854319 154514
6850913 253019 7113 94 255 94 29015 018699
89919 954 212610105 5495 10 5493 2214490 25210610 31535419 25210610
5839 681952219 5759019 052219 810813 052219 652254059715 51 094394140 058058
8854319 590 652254059715 5290 12213358658 497499993 3819 094394140 25258099 6517910
39 94 41221 6591585 952293901494 1297113 12089359 91790099
61139219 94 584185 7113 2925881 5839 91790099
6505409 412213 13 058058 29015 61819
31535419 13313914 21319 252 613929999 25210610 590 25290 5759019
5495 10 953 41221 68185081
7113 7199715 94 4913 252 7113 525354013 61229418
1297150 453 12213358658 990 1350 89919
453 419 4143 310099 5493 10
29015 018699 31991 954 525354013
5750 4143 93525899715 2925881 311899
8854319 154514 252 5290 93525899715 311899
10 058058 6850913 2925881 91965449995 6505409 412213 13
5750 1831 493013 218919 4199 10 35495305018 25853
1297113 61819 990 1350 213019 254541099 253019 31741 689479221
4928 254541099 3819 954 65299 5750 25290 1297150 91790099 94
936584950 419 13313914 990 1350
35449354013 94 254541099 1 35449354013
21319 954 2925881 052219 94 813 812901995 621051 49301390
94 9131299 4143 954 11715 21319 2925881
13 10 354957110 953658 2925881 413 292585
952293901494 4928 990 1350 3533545 41221 61392999 412213 25893121
5839 4169219 12089359 94 9131299 4143 954 11715 21319 2925881
525354013 053619 5759019 954 954 89919 6850913 7113
4992 252 6850913 253019 7113 94 255
25290 1297150 91790099 94 35495305018 61819 10 61139219
318919 35019 1297113 52596544 39 94 41221 6591585 952293901494 1297113
120893959 089909715 41221 1297150 5493 058058 10
1350 89919 412213 5750 65299 5750 4143 25258099 310099
89919 3533545 2925881 31535419 13313914 21319 252
45019 50 312591141 61359 13 018699 5759019 31535419 68185081 354212299
25290 954 12213358658 35829 094394140 584185 31991 5750 5759019 61819
35449354013 310099 652254059715 94 4928 058058 94 1297150 253019 68594
212610105 497499993 91965449995 94 590
454 7113 21319 91965449995 61139219 94058413
41221 6591585 952293901494 1297113 12089359 91790099
453 094394140 68159540 953658 6517910 4928 954 61229418
5810 652254059715 1496993947 3533545 5290
31741 689479221 1841 658009058 8854319 45258
81290140 35829 089909715 95453019 50
61819 2925881 13313914 94 4992 4999
5495 10 5493 2214490 25210610 31535419 25210610 2214490 1297113
1350 213019 254541099 253019 31741 689479221
990 1350 310099 212610105 5493 41221 1297150 658009058 21319
94 318919 018699 31991 094394140
2925881 1496993947 10 94 052219 9405758 6517910 93525899715 218919 35829
9405758 6517910 93525899715 218919 35829 5493 4143 61139219
94 813 812901995 621051 49301390 2590921213 8854319 590
1496993947 4913 45453 1496993947 089909715 89919
313 953999 4105715 654109219 50 317499 499
2158550 990 1350 318919 990 1350 493013 990 1350 01905
13313914 21319 252 613929999 25210610 590
96913 45258 990 1350 35495305018 1496993947 5290 4199
52596544 7113 1496993947 29015 68594 91790099 4992
658009058 21319 213019 13313914 058058
10 052219 525354013 91790099 29015 50 255 4199
41221 61392999 35829 053619 9131299 1841
5493 25258099 93525899715 658354013 419 61139219 94
310099 35259095 1 9131299 10
120893959 39 5750 311899 68185081 50 12089359 45715
94 9131299 4143 954 11715 21319
93525899715 311899 652254059715 61229418 652254059715 81290140 35829 089909715
1297150 253019 68594 4928 4992 35449354013 94 254541099 1
1831 89919 7199 218919 7113 7199715 94 4913 252
094394140 94 1297150 89919 6517910 94 1405 35019 493013 10
7812941 94 658354013 50 952293901494 13 5839 681952219
89919 94 854485890 7812941 810813 7199715 454 052219
3533545 41221 61392999 412213 25893121 96913 1
61935 94 25290 10 058058 6850913 2925881 91965449995 6505409 412213
311899 11715 45715 7812941 94 658354013 50 952293901494
31991 5750 5759019 61819 2925881 13313914 94 4992 4999
419 61139219 94 584185 7113
50 5495 652254059715 4913 25210610 3533545 954 5759019 5759019 689479221
6591585 35829 255 1841 35259095 10 525354013 51
5493 25258099 93525899715 658354013 419
5759019 954 053619 1841 50 68185081
1831 29254413 10 218919 252 68185081 252 018699
96913 354957110 4992 252 6850913 253019 7113
96913 45258 990 1350 35495305018 1496993947 5290 10
25258099 525354013 4928 052219 35259095 4143 454
94 813 812901995 621051 49301390 7199715
94 51 39 29254413 45715 5759019 354715
018699 94 51 39 29254413 45715
9405758 7199 113058 5290 954
7199 854485890 45258 31741 5750 590 25853
990 1350 613929999 31741 50913
990 1350 25210610 354957110 311899 4143 354715 4999
21319 2925881 29015 354715 51 354957110 13 65299
25853 45258 954 2925881 96913 4143
50 45019 50 312591141 61359 13
252 5839 65801 454 61229418 45715
10 658009058 255 1 4913 952293901494 053658 94 51
1496993947 5290 10 1297113 61819 990 1350 213019 254541099 253019
29015 525354013 318129018 29015 4143 954 25290
93525899715 2925881 311899 94 1297113 953
29015 354715 51 354957110 13 65299
4999 65801 25853 352299 1297113 10
7199 218919 7113 7199715 94 4913 252 7113 525354013
318919 310099 35259095 1 9131299 10 5810 652254059715 1496993947
94 1297113 953 689479221 10 35829 094394140 11715 94058413 25290
39 5750 311899 68185081 50 12089359 45715
354212299 6591585 35829 255 1841 35259095 10 525354013 51 613929999
61139219 61819 94 31991 053658 453 6517910 4992 6850913
5290 93525899715 311899 652254059715 61229418
51 93525899715 65299 936584950 68594 658354013 255 252 5839 65801
50 297121 12213358658 312591141 68594 292585
4143 1297150 29254413 5493 613929999
936584950 31991 094394140 4143 61229418
2925881 5839 91790099 51 25210610 5495 613929999 311899 990
954 212610105 39 990 1350
154514 50 058058 10 89919 2925881 1496993947
12089359 94 9131299 4143 954 11715 21319 2925881
7199715 5759019 4913 94 1831 318919 5199354 7199 2925881
61139219 018699 94 51 39 29254413
91790099 61819 990 1350 25210610 354957110
120893959 39 5750 311899 68185081 50 12089359 45715 584185
584185 154514 5199354 525354013 4999 7199
35259095 1 9131299 10 5810 652254059715 1496993947 3533545 5290 10
49301390 2590921213 8854319 590 652254059715 5290 12213358658
1297113 61819 990 1350 213019 254541099 253019 31741 689479221
4992 252 6850913 253019 7113
94 25290 10 058058 6850913 2925881 91965449995
312591141 652254059715 5290 5750 7812941 313 953999 4105715
493013 454 35495305018 1 5810 413 10 253019 1841 4199
212610105 497499993 91965449995 94 590 1405 94 4928
39 29254413 45715 5759019 354715 7199715 5759019 4913
5759019 052219 810813 052219 652254059715 51 094394140 058058 1297113 41221
4143 94 318919 35019 1297113 52596544 39 94 41221
2925881 13313914 94 4992 4999 93525899715 51 12089359 29015 113058
613929999 311899 990 1350 31991 29015 058058 35449354013 2139491
936584950 68594 658354013 255 252 5839 65801
212610105 10 68185081 990 1350 1297113 94
018699 5759019 6850913 154514 68185081 31741 13 62135810 2590921213 253019
2214490 25210610 31535419 25210610 2214490 1297113
089909715 95453019 50 45019 50 312591141
7199 52596544 7113 1496993947 29015 68594 91790099 4992
61139219 4992 094394140 5750 412213 454 4999 590 990
213019 254541099 253019 31741 689479221
