1841 453 094394140 68159540 953658
68185081 4913 990 1350 4992 91939690
10 5493 2214490 25210610 31535419 25210610 2214490 1297113 50913
255 252 5839 65801 454 61229418
93525899715 65299 936584950 68594 658354013 255 252 5839 65801
4199 10 4913 7113 41221
352299 4143 954 94 953658 89919 94
12089359 94 9131299 4143 954
6517910 4992 6850913 61935 94 25290
312591141 4143 252 89919 3533545 2925881 31535419 13313914 21319
29254413 1831 29015 525354013 318129018 29015 4143 954
94058413 25290 5199354 94 652254059715 31991
51 4992 4143 39 96913 61139219
10 218919 252 68185081 252
50 312591141 61359 13 018699 5759019 31535419 68185081 354212299
4928 96913 354957110 4992 252 6850913 253019 7113 94 255
61819 94 352299 4143 954 94 953658 89919
7812941 810813 7199715 454 052219 5839 13
25258099 525354013 4928 052219 35259095 4143 454 2214490 31991
113058 11715 311899 11715 45715
94 51 4992 4143 39
4199 089909715 952293901494 4928 990
1831 493013 218919 4199 10 35495305018 25853 45453 31991
4999 590 990 1350 613929999 31741 50913
12213358658 35829 094394140 584185 31991
96913 354957110 4992 252 6850913 253019 7113 94 255
354715 311899 8854319 154514 252 5290 93525899715 311899
113058 51 11715 10 253019 1831
5493 68159540 525354013 613929999 255
5493 68159540 525354013 613929999 255 252 689479221 590 12213358658
253019 990 1350 590 62135810 94
499 6180189540 354059 41935018 894931219 319 311899 29015 120893959 255
